<?xml version="1.0"?>
<opencv_storage>
<imagelist>
"pattern.png"
"out/01/0-13.jpg"
"out/01/0-157.jpg"
"out/01/0-196.jpg"
"out/01/0-22.jpg"
"out/01/0-23.jpg"
"out/01/0-247.jpg"
"out/01/0-25.jpg"
"out/01/0-251.jpg"
"out/01/0-26.jpg"
"out/01/0-265.jpg"
"out/01/0-361.jpg"
"out/01/0-364.jpg"
"out/01/0-372.jpg"
"out/02/1-12.jpg"
"out/02/1-157.jpg"
"out/02/1-168.jpg"
"out/02/1-185.jpg"
"out/02/1-196.jpg"
"out/02/1-197.jpg"
"out/02/1-2.jpg"
"out/02/1-200.jpg"
"out/02/1-206.jpg"
"out/02/1-256.jpg"
"out/02/1-27.jpg"
"out/02/1-274.jpg"
"out/02/1-277.jpg"
"out/02/1-289.jpg"
"out/02/1-29.jpg"
"out/02/1-290.jpg"
"out/02/1-292.jpg"
"out/02/1-299.jpg"
"out/02/1-309.jpg"
"out/02/1-317.jpg"
"out/02/1-320.jpg"
"out/02/1-329.jpg"
"out/02/1-346.jpg"
"out/02/1-356.jpg"
"out/02/1-37.jpg"
"out/02/1-533.jpg"
"out/02/1-536.jpg"
"out/02/1-6.jpg"
"out/02/1-7.jpg"
"out/02/1-98.jpg"
"out/03/2-162.jpg"
"out/03/2-197.jpg"
"out/03/2-200.jpg"
"out/03/2-23.jpg"
"out/03/2-236.jpg"
"out/03/2-279.jpg"
"out/03/2-287.jpg"
"out/03/2-29.jpg"
"out/03/2-300.jpg"
"out/03/2-342.jpg"
"out/03/2-346.jpg"
"out/03/2-360.jpg"
"out/03/2-531.jpg"
"out/04/3-14.jpg"
"out/04/3-142.jpg"
"out/04/3-23.jpg"
"out/04/3-257.jpg"
"out/04/3-31.jpg"
"out/04/3-360.jpg"
"out/04/3-385.jpg"
"out/04/3-387.jpg"
"out/04/3-389.jpg"
"out/04/3-390.jpg"
"out/04/3-391.jpg"
"out/04/3-394.jpg"
"out/04/3-397.jpg"
"out/04/3-409.jpg"
"out/04/3-415.jpg"
"out/04/3-416.jpg"
"out/05/4-22.jpg"
"out/05/4-24.jpg"
"out/05/4-247.jpg"
"out/05/4-251.jpg"
"out/05/4-265.jpg"
"out/05/4-31.jpg"
"out/05/4-361.jpg"
"out/05/4-362.jpg"
"out/05/4-372.jpg"
"out/06/5-133.jpg"
"out/06/5-135.jpg"
"out/06/5-137.jpg"
"out/06/5-140.jpg"
"out/06/5-142.jpg"
"out/06/5-15.jpg"
"out/06/5-24.jpg"
"out/06/5-247.jpg"
"out/06/5-251.jpg"
"out/06/5-257.jpg"
"out/06/5-26.jpg"
"out/06/5-28.jpg"
"out/06/5-31.jpg"
"out/06/5-386.jpg"
"out/06/5-387.jpg"
"out/06/5-388.jpg"
"out/06/5-389.jpg"
"out/06/5-390.jpg"
"out/06/5-396.jpg"
"out/06/5-405.jpg"
"out/06/5-410.jpg"
"out/06/5-411.jpg"
"out/06/5-414.jpg"
"out/07/6-0.jpg"
"out/07/6-10.jpg"
"out/07/6-11.jpg"
"out/07/6-113.jpg"
"out/07/6-185.jpg"
"out/07/6-20.jpg"
"out/07/6-21.jpg"
"out/07/6-27.jpg"
"out/07/6-3.jpg"
"out/07/6-32.jpg"
"out/07/6-33.jpg"
"out/07/6-37.jpg"
"out/07/6-38.jpg"
"out/07/6-39.jpg"
"out/07/6-4.jpg"
"out/07/6-40.jpg"
"out/07/6-41.jpg"
"out/07/6-42.jpg"
"out/07/6-44.jpg"
"out/07/6-46.jpg"
"out/07/6-48.jpg"
"out/07/6-49.jpg"
"out/07/6-520.jpg"
"out/07/6-524.jpg"
"out/07/6-533.jpg"
"out/07/6-536.jpg"
"out/07/6-58.jpg"
"out/07/6-7.jpg"
"out/07/6-80.jpg"
"out/07/6-98.jpg"
"out/08/7-1.jpg"
"out/08/7-13.jpg"
"out/08/7-157.jpg"
"out/08/7-177.jpg"
"out/08/7-178.jpg"
"out/08/7-184.jpg"
"out/08/7-196.jpg"
"out/08/7-2.jpg"
"out/08/7-20.jpg"
"out/08/7-22.jpg"
"out/08/7-25.jpg"
"out/08/7-265.jpg"
"out/08/7-27.jpg"
"out/08/7-277.jpg"
"out/08/7-283.jpg"
"out/08/7-289.jpg"
"out/08/7-297.jpg"
"out/08/7-3.jpg"
"out/08/7-307.jpg"
"out/08/7-309.jpg"
"out/08/7-315.jpg"
"out/08/7-328.jpg"
"out/08/7-354.jpg"
"out/08/7-358.jpg"
"out/08/7-361.jpg"
"out/08/7-37.jpg"
"out/08/7-4.jpg"
"out/08/7-49.jpg"
"out/08/7-5.jpg"
"out/08/7-520.jpg"
"out/08/7-532.jpg"
"out/08/7-6.jpg"
"out/08/7-7.jpg"
"out/08/7-8.jpg"
"out/08/7-99.jpg"
"out/09/8-1.jpg"
"out/09/8-160.jpg"
"out/09/8-17.jpg"
"out/09/8-177.jpg"
"out/09/8-178.jpg"
"out/09/8-18.jpg"
"out/09/8-250.jpg"
"out/09/8-266.jpg"
"out/09/8-280.jpg"
"out/09/8-297.jpg"
"out/09/8-3.jpg"
"out/09/8-307.jpg"
"out/09/8-310.jpg"
"out/09/8-339.jpg"
"out/09/8-354.jpg"
"out/09/8-5.jpg"
"out/09/8-518.jpg"
"out/09/8-519.jpg"
"out/09/8-52.jpg"
"out/09/8-532.jpg"
"out/09/8-54.jpg"
"out/09/8-64.jpg"
"out/09/8-76.jpg"
"out/09/8-99.jpg"
"out/10/9-106.jpg"
"out/10/9-110.jpg"
"out/10/9-118.jpg"
"out/10/9-35.jpg"
"out/10/9-40.jpg"
"out/10/9-43.jpg"
"out/10/9-440.jpg"
"out/10/9-459.jpg"
"out/10/9-47.jpg"
"out/10/9-476.jpg"
"out/10/9-484.jpg"
"out/10/9-496.jpg"
"out/10/9-519.jpg"
"out/10/9-52.jpg"
"out/10/9-58.jpg"
"out/10/9-68.jpg"
"out/10/9-72.jpg"
"out/10/9-76.jpg"
"out/10/9-77.jpg"
"out/10/9-80.jpg"
"out/10/9-87.jpg"
"out/11/10-112.jpg"
"out/11/10-113.jpg"
"out/11/10-346.jpg"
"out/11/10-40.jpg"
"out/11/10-41.jpg"
"out/11/10-42.jpg"
"out/11/10-46.jpg"
"out/11/10-515.jpg"
"out/11/10-531.jpg"
"out/11/10-536.jpg"
"out/11/10-79.jpg"
"out/11/10-98.jpg"
"out/12/11-100.jpg"
"out/12/11-113.jpg"
"out/12/11-229.jpg"
"out/12/11-35.jpg"
"out/12/11-38.jpg"
"out/12/11-40.jpg"
"out/12/11-42.jpg"
"out/12/11-421.jpg"
"out/12/11-43.jpg"
"out/12/11-436.jpg"
"out/12/11-45.jpg"
"out/12/11-456.jpg"
"out/12/11-47.jpg"
"out/12/11-484.jpg"
"out/12/11-487.jpg"
"out/12/11-490.jpg"
"out/12/11-493.jpg"
"out/12/11-497.jpg"
"out/12/11-499.jpg"
"out/12/11-55.jpg"
"out/12/11-73.jpg"
"out/12/11-95.jpg"
"out/13/12-373.jpg"
"out/13/12-374.jpg"
"out/13/12-381.jpg"
"out/14/13-114.jpg"
"out/14/13-154.jpg"
"out/14/13-155.jpg"
"out/14/13-161.jpg"
"out/14/13-171.jpg"
"out/14/13-175.jpg"
"out/14/13-180.jpg"
"out/14/13-186.jpg"
"out/14/13-194.jpg"
"out/14/13-201.jpg"
"out/14/13-276.jpg"
"out/14/13-281.jpg"
"out/14/13-282.jpg"
"out/14/13-298.jpg"
"out/14/13-304.jpg"
"out/14/13-311.jpg"
"out/14/13-314.jpg"
"out/14/13-321.jpg"
"out/14/13-323.jpg"
"out/14/13-325.jpg"
"out/14/13-352.jpg"
"out/14/13-357.jpg"
"out/14/13-522.jpg"
"out/14/13-537.jpg"
"out/14/13-88.jpg"
"out/15/14-175.jpg"
"out/15/14-178.jpg"
"out/15/14-180.jpg"
"out/15/14-201.jpg"
"out/15/14-250.jpg"
"out/15/14-280.jpg"
"out/15/14-294.jpg"
"out/15/14-310.jpg"
"out/15/14-325.jpg"
"out/15/14-373.jpg"
"out/15/14-516.jpg"
"out/16/15-133.jpg"
"out/16/15-135.jpg"
"out/16/15-137.jpg"
"out/16/15-251.jpg"
"out/16/15-362.jpg"
"out/16/15-388.jpg"
"out/16/15-395.jpg"
"out/16/15-396.jpg"
"out/16/15-405.jpg"
"out/16/15-407.jpg"
"out/16/15-410.jpg"
"out/16/15-411.jpg"
"out/16/15-412.jpg"
"out/17/16-170.jpg"
"out/17/16-268.jpg"
"out/17/16-269.jpg"
"out/17/16-374.jpg"
"out/17/16-377.jpg"
"out/17/16-381.jpg"
"out/18/17-135.jpg"
"out/18/17-137.jpg"
"out/18/17-140.jpg"
"out/18/17-238.jpg"
"out/18/17-243.jpg"
"out/18/17-252.jpg"
"out/18/17-260.jpg"
"out/18/17-383.jpg"
"out/18/17-384.jpg"
"out/18/17-395.jpg"
"out/18/17-396.jpg"
"out/18/17-398.jpg"
"out/18/17-400.jpg"
"out/18/17-401.jpg"
"out/18/17-402.jpg"
"out/18/17-404.jpg"
"out/18/17-408.jpg"
"out/18/17-412.jpg"
"out/19/18-109.jpg"
"out/19/18-114.jpg"
"out/19/18-161.jpg"
"out/19/18-171.jpg"
"out/19/18-276.jpg"
"out/19/18-323.jpg"
"out/19/18-514.jpg"
"out/19/18-522.jpg"
"out/19/18-534.jpg"
"out/19/18-537.jpg"
"out/19/18-61.jpg"
"out/19/18-78.jpg"
"out/19/18-88.jpg"
"out/20/19-154.jpg"
"out/20/19-161.jpg"
"out/20/19-163.jpg"
"out/20/19-174.jpg"
"out/20/19-183.jpg"
"out/20/19-190.jpg"
"out/20/19-194.jpg"
"out/20/19-246.jpg"
"out/20/19-276.jpg"
"out/20/19-282.jpg"
"out/20/19-284.jpg"
"out/20/19-285.jpg"
"out/20/19-304.jpg"
"out/20/19-308.jpg"
"out/20/19-323.jpg"
"out/20/19-347.jpg"
"out/20/19-348.jpg"
"out/20/19-374.jpg"
"out/20/19-514.jpg"
"out/20/19-61.jpg"
"out/20/19-78.jpg"
"out/21/20-163.jpg"
"out/21/20-165.jpg"
"out/21/20-183.jpg"
"out/21/20-190.jpg"
"out/21/20-205.jpg"
"out/21/20-270.jpg"
"out/21/20-275.jpg"
"out/21/20-284.jpg"
"out/21/20-308.jpg"
"out/21/20-312.jpg"
"out/21/20-318.jpg"
"out/21/20-338.jpg"
"out/21/20-347.jpg"
"out/21/20-525.jpg"
"out/21/20-529.jpg"
"out/21/20-61.jpg"
"out/21/20-84.jpg"
"out/22/21-102.jpg"
"out/22/21-109.jpg"
"out/22/21-111.jpg"
"out/22/21-115.jpg"
"out/22/21-117.jpg"
"out/22/21-119.jpg"
"out/22/21-122.jpg"
"out/22/21-223.jpg"
"out/22/21-419.jpg"
"out/22/21-430.jpg"
"out/22/21-434.jpg"
"out/22/21-460.jpg"
"out/22/21-479.jpg"
"out/22/21-525.jpg"
"out/22/21-63.jpg"
"out/22/21-75.jpg"
"out/22/21-92.jpg"
"out/23/22-101.jpg"
"out/23/22-104.jpg"
"out/23/22-110.jpg"
"out/23/22-325.jpg"
"out/23/22-516.jpg"
"out/23/22-518.jpg"
"out/23/22-522.jpg"
"out/23/22-53.jpg"
"out/23/22-64.jpg"
"out/23/22-66.jpg"
"out/23/22-76.jpg"
"out/23/22-77.jpg"
"out/23/22-88.jpg"
"out/23/22-89.jpg"
"out/24/23-102.jpg"
"out/24/23-103.jpg"
"out/24/23-109.jpg"
"out/24/23-119.jpg"
"out/24/23-428.jpg"
"out/24/23-430.jpg"
"out/24/23-445.jpg"
"out/24/23-448.jpg"
