<?xml version="1.0"?>
<opencv_storage>
<nCameras>36</nCameras>
<camera_matrix_0 type_id="opencv-matrix">
  <rows>3</rows>
  <cols>3</cols>
  <dt>f</dt>
  <data>
    1.85420435e+03 0. 1.06353284e+03 0. 1.85647192e+03 8.01858398e+02 0.
    0. 1.</data></camera_matrix_0>
<camera_distortion_0 type_id="opencv-matrix">
  <rows>1</rows>
  <cols>5</cols>
  <dt>f</dt>
  <data>
    6.89254142e-03 -1.18743904e-01 4.00261302e-03 1.45228358e-03
    1.50410548e-01</data></camera_distortion_0>
<camera_pose_0 type_id="opencv-matrix">
  <rows>4</rows>
  <cols>4</cols>
  <dt>f</dt>
  <data>
    1. 0. 0. 0. 0. 1. 0. 0. 0. 0. 1. 0. 0. 0. 0. 1.</data></camera_pose_0>
<camera_matrix_1 type_id="opencv-matrix">
  <rows>3</rows>
  <cols>3</cols>
  <dt>f</dt>
  <data>
    1.84158923e+03 0. 1.05008850e+03 0. 1.84244629e+03 7.74030884e+02 0.
    0. 1.</data></camera_matrix_1>
<camera_distortion_1 type_id="opencv-matrix">
  <rows>1</rows>
  <cols>5</cols>
  <dt>f</dt>
  <data>
    3.26908496e-03 -8.73397663e-02 -6.98954973e-04 -7.20672033e-05
    8.52083713e-02</data></camera_distortion_1>
<camera_pose_1 type_id="opencv-matrix">
  <rows>4</rows>
  <cols>4</cols>
  <dt>f</dt>
  <data>
    9.02965963e-01 1.53907731e-01 4.01204348e-01 3.59591544e-01
    7.26004913e-02 8.65595818e-01 -4.95452404e-01 -1.37457454e+00
    -4.23534751e-01 4.76504266e-01 7.70429730e-01 -9.15327907e-01 0. 0.
    0. 1.</data></camera_pose_1>
<camera_matrix_2 type_id="opencv-matrix">
  <rows>3</rows>
  <cols>3</cols>
  <dt>f</dt>
  <data>
    1.83705225e+03 0. 1.03355981e+03 0. 1.83772498e+03 7.92097229e+02 0.
    0. 1.</data></camera_matrix_2>
<camera_distortion_2 type_id="opencv-matrix">
  <rows>1</rows>
  <cols>5</cols>
  <dt>f</dt>
  <data>
    4.77989158e-03 -1.73961014e-01 2.83312146e-03 -4.10715165e-03
    2.42755577e-01</data></camera_distortion_2>
<camera_pose_2 type_id="opencv-matrix">
  <rows>4</rows>
  <cols>4</cols>
  <dt>f</dt>
  <data>
    7.07822621e-01 -2.66279578e-01 6.54280007e-01 2.24888420e+00
    2.29132712e-01 9.62697446e-01 1.43915996e-01 1.06110501e+00
    -6.68195546e-01 4.80499528e-02 7.42432415e-01 -2.50565743e+00 0. 0.
    0. 1.</data></camera_pose_2>
<camera_matrix_3 type_id="opencv-matrix">
  <rows>3</rows>
  <cols>3</cols>
  <dt>f</dt>
  <data>
    1.87743457e+03 0. 1.04746716e+03 0. 1.87338232e+03 7.60179504e+02 0.
    0. 1.</data></camera_matrix_3>
<camera_distortion_3 type_id="opencv-matrix">
  <rows>1</rows>
  <cols>5</cols>
  <dt>f</dt>
  <data>
    5.34437178e-03 -7.28432536e-02 -4.80204879e-04 2.91538250e-04
    6.84483498e-02</data></camera_distortion_3>
<camera_pose_3 type_id="opencv-matrix">
  <rows>4</rows>
  <cols>4</cols>
  <dt>f</dt>
  <data>
    -9.50570941e-01 3.78099480e-03 -3.10484499e-01 -5.85157871e-01
    1.60094857e-01 -8.50803435e-01 -5.00502884e-01 -1.97994757e+00
    -2.66053677e-01 -5.25470495e-01 8.08143675e-01 4.19484526e-01 0. 0.
    0. 1.</data></camera_pose_3>
<camera_matrix_4 type_id="opencv-matrix">
  <rows>3</rows>
  <cols>3</cols>
  <dt>f</dt>
  <data>
    1.84363611e+03 0. 1.05037500e+03 0. 1.84164307e+03 7.59652466e+02 0.
    0. 1.</data></camera_matrix_4>
<camera_distortion_4 type_id="opencv-matrix">
  <rows>1</rows>
  <cols>5</cols>
  <dt>f</dt>
  <data>
    7.79793318e-03 -1.29313976e-01 1.27967948e-03 8.47200747e-04
    1.62247807e-01</data></camera_distortion_4>
<camera_pose_4 type_id="opencv-matrix">
  <rows>4</rows>
  <cols>4</cols>
  <dt>f</dt>
  <data>
    -7.02561140e-01 -3.85960817e-01 5.97864628e-01 1.49444413e+00
    3.15162361e-01 -9.22012746e-01 -2.24866927e-01 -9.96911943e-01
    6.38028622e-01 3.04416660e-02 7.69410670e-01 -1.43695116e+00 0. 0.
    0. 1.</data></camera_pose_4>
<camera_matrix_5 type_id="opencv-matrix">
  <rows>3</rows>
  <cols>3</cols>
  <dt>f</dt>
  <data>
    1.86603003e+03 0. 1.07409607e+03 0. 1.86573401e+03 7.52882568e+02 0.
    0. 1.</data></camera_matrix_5>
<camera_distortion_5 type_id="opencv-matrix">
  <rows>1</rows>
  <cols>5</cols>
  <dt>f</dt>
  <data>
    3.19683389e-03 -3.08494437e-02 4.94785665e-04 2.31473893e-03
    -3.44211422e-02</data></camera_distortion_5>
<camera_pose_5 type_id="opencv-matrix">
  <rows>4</rows>
  <cols>4</cols>
  <dt>f</dt>
  <data>
    -3.10128229e-03 8.13310981e-01 5.81821024e-01 2.86773801e+00
    -9.29480791e-01 -2.16955587e-01 2.98321605e-01 5.17019749e-01
    3.68857563e-01 -5.39866269e-01 7.56629705e-01 -7.88502157e-01 0. 0.
    0. 1.</data></camera_pose_5>
<camera_matrix_6 type_id="opencv-matrix">
  <rows>3</rows>
  <cols>3</cols>
  <dt>f</dt>
  <data>
    1.86013525e+03 0. 1.05627588e+03 0. 1.86059326e+03 7.92996887e+02 0.
    0. 1.</data></camera_matrix_6>
<camera_distortion_6 type_id="opencv-matrix">
  <rows>1</rows>
  <cols>5</cols>
  <dt>f</dt>
  <data>
    -1.36040049e-02 -3.27224880e-02 2.05169735e-03 -1.13520608e-03
    1.39946351e-02</data></camera_distortion_6>
<camera_pose_6 type_id="opencv-matrix">
  <rows>4</rows>
  <cols>4</cols>
  <dt>f</dt>
  <data>
    -9.92957652e-01 -6.75055385e-02 -9.73554179e-02 -4.90325838e-01
    -5.18708229e-02 -4.91088808e-01 8.69563818e-01 3.43554258e+00
    -1.06510527e-01 8.68489921e-01 4.84128833e-01 -1.46334517e+00 0. 0.
    0. 1.</data></camera_pose_6>
<camera_matrix_7 type_id="opencv-matrix">
  <rows>3</rows>
  <cols>3</cols>
  <dt>f</dt>
  <data>
    1.83652612e+03 0. 1.03459058e+03 0. 1.83663879e+03 7.48861023e+02 0.
    0. 1.</data></camera_matrix_7>
<camera_distortion_7 type_id="opencv-matrix">
  <rows>1</rows>
  <cols>5</cols>
  <dt>f</dt>
  <data>
    -2.60941009e-03 -6.12184294e-02 -1.50687271e-03 5.09778329e-04
    6.49029166e-02</data></camera_distortion_7>
<camera_pose_7 type_id="opencv-matrix">
  <rows>4</rows>
  <cols>4</cols>
  <dt>f</dt>
  <data>
    -9.53829169e-01 1.96307734e-01 2.27317348e-01 3.10614288e-01
    -6.06035627e-02 -8.67067039e-01 4.94491607e-01 2.65493703e+00
    2.94171900e-01 4.57884282e-01 8.38930786e-01 -8.33770096e-01 0. 0.
    0. 1.</data></camera_pose_7>
<camera_matrix_8 type_id="opencv-matrix">
  <rows>3</rows>
  <cols>3</cols>
  <dt>f</dt>
  <data>
    1.85554980e+03 0. 1.03796863e+03 0. 1.85508081e+03 7.68383606e+02 0.
    0. 1.</data></camera_matrix_8>
<camera_distortion_8 type_id="opencv-matrix">
  <rows>1</rows>
  <cols>5</cols>
  <dt>f</dt>
  <data>
    5.07624168e-03 -1.03055373e-01 -2.80346227e-04 -5.39505738e-04
    1.22616537e-01</data></camera_distortion_8>
<camera_pose_8 type_id="opencv-matrix">
  <rows>4</rows>
  <cols>4</cols>
  <dt>f</dt>
  <data>
    -7.60272026e-01 6.49602711e-01 1.65248651e-03 -1.42362431e-01
    -3.12228203e-01 -3.67649227e-01 8.75983775e-01 3.49241114e+00
    5.69648981e-01 6.65470004e-01 4.82337713e-01 -1.37604415e+00 0. 0.
    0. 1.</data></camera_pose_8>
<camera_matrix_9 type_id="opencv-matrix">
  <rows>3</rows>
  <cols>3</cols>
  <dt>f</dt>
  <data>
    1.87035168e+03 0. 1.04203333e+03 0. 1.87021985e+03 7.45165833e+02 0.
    0. 1.</data></camera_matrix_9>
<camera_distortion_9 type_id="opencv-matrix">
  <rows>1</rows>
  <cols>5</cols>
  <dt>f</dt>
  <data>
    -1.70458923e-03 -3.10990270e-02 -3.90538829e-03 1.96048594e-03
    -5.13732061e-03</data></camera_distortion_9>
<camera_pose_9 type_id="opencv-matrix">
  <rows>4</rows>
  <cols>4</cols>
  <dt>f</dt>
  <data>
    9.75360334e-01 -2.20372990e-01 -1.03915976e-02 4.59041864e-01
    -2.07565147e-02 -4.47701998e-02 -9.98781681e-01 -3.39618278e+00
    2.19639271e-01 9.74387705e-01 -4.82412539e-02 -2.90255594e+00 0. 0.
    0. 1.</data></camera_pose_9>
<camera_matrix_10 type_id="opencv-matrix">
  <rows>3</rows>
  <cols>3</cols>
  <dt>f</dt>
  <data>
    1.85691699e+03 0. 1.05622668e+03 0. 1.85911731e+03 7.65493347e+02 0.
    0. 1.</data></camera_matrix_10>
<camera_distortion_10 type_id="opencv-matrix">
  <rows>1</rows>
  <cols>5</cols>
  <dt>f</dt>
  <data>
    1.09396856e-02 -1.01669081e-01 -9.94332833e-04 1.41514943e-03
    1.02441818e-01</data></camera_distortion_10>
<camera_pose_10 type_id="opencv-matrix">
  <rows>4</rows>
  <cols>4</cols>
  <dt>f</dt>
  <data>
    6.59796894e-01 7.51319766e-01 1.36649702e-02 -5.89960456e-01
    -2.50589550e-01 2.37134919e-01 -9.38601017e-01 -4.36783886e+00
    -7.08429933e-01 6.15861714e-01 3.44733745e-01 -1.63085008e+00 0. 0.
    0. 1.</data></camera_pose_10>
<camera_matrix_11 type_id="opencv-matrix">
  <rows>3</rows>
  <cols>3</cols>
  <dt>f</dt>
  <data>
    1.86144702e+03 0. 1.03776233e+03 0. 1.86487402e+03 7.75520081e+02 0.
    0. 1.</data></camera_matrix_11>
<camera_distortion_11 type_id="opencv-matrix">
  <rows>1</rows>
  <cols>5</cols>
  <dt>f</dt>
  <data>
    -7.79569754e-03 -1.57086272e-02 1.46755110e-03 -9.90030472e-04
    -3.40846404e-02</data></camera_distortion_11>
<camera_pose_11 type_id="opencv-matrix">
  <rows>4</rows>
  <cols>4</cols>
  <dt>f</dt>
  <data>
    -6.01018071e-02 1.52547628e-01 9.86466944e-01 4.32725668e+00
    9.15756345e-01 4.01684403e-01 -6.32296177e-03 -3.65943134e-01
    -3.97212923e-01 9.02983308e-01 -1.63838416e-01 -4.32356596e+00 0. 0.
    0. 1.</data></camera_pose_11>
<camera_matrix_12 type_id="opencv-matrix">
  <rows>3</rows>
  <cols>3</cols>
  <dt>f</dt>
  <data>
    1.89274646e+03 0. 1.04012988e+03 0. 1.89087561e+03 7.60565796e+02 0.
    0. 1.</data></camera_matrix_12>
<camera_distortion_12 type_id="opencv-matrix">
  <rows>1</rows>
  <cols>5</cols>
  <dt>f</dt>
  <data>
    1.24190301e-02 -1.21589981e-01 3.15436773e-04 1.59052014e-03
    1.05932966e-01</data></camera_distortion_12>
<camera_pose_12 type_id="opencv-matrix">
  <rows>4</rows>
  <cols>4</cols>
  <dt>f</dt>
  <data>
    -4.62079495e-01 -7.07567871e-01 -5.34630954e-01 -3.19650841e+00
    1.59309179e-01 5.26816607e-01 -8.34916115e-01 -5.13525820e+00
    8.72412264e-01 -4.70969230e-01 -1.30709082e-01 -3.53352141e+00 0. 0.
    0. 1.</data></camera_pose_12>
<camera_matrix_13 type_id="opencv-matrix">
  <rows>3</rows>
  <cols>3</cols>
  <dt>f</dt>
  <data>
    1.85970288e+03 0. 1.04660254e+03 0. 1.85994116e+03 7.42537354e+02 0.
    0. 1.</data></camera_matrix_13>
<camera_distortion_13 type_id="opencv-matrix">
  <rows>1</rows>
  <cols>5</cols>
  <dt>f</dt>
  <data>
    -5.56550454e-03 -9.92791280e-02 -2.74139093e-05 6.90383604e-05
    1.05341189e-01</data></camera_distortion_13>
<camera_pose_13 type_id="opencv-matrix">
  <rows>4</rows>
  <cols>4</cols>
  <dt>f</dt>
  <data>
    -7.02951998e-02 -7.06968844e-01 -7.03742623e-01 -3.63081241e+00
    -3.24775606e-01 6.83269083e-01 -6.53960347e-01 -3.79444766e+00
    9.43175137e-01 1.82588175e-01 -2.77636766e-01 -6.04559183e+00 0. 0.
    0. 1.</data></camera_pose_13>
<camera_matrix_14 type_id="opencv-matrix">
  <rows>3</rows>
  <cols>3</cols>
  <dt>f</dt>
  <data>
    1.83623926e+03 0. 1.02471545e+03 0. 1.83629431e+03 7.78302673e+02 0.
    0. 1.</data></camera_matrix_14>
<camera_distortion_14 type_id="opencv-matrix">
  <rows>1</rows>
  <cols>5</cols>
  <dt>f</dt>
  <data>
    7.83222262e-04 -1.15386054e-01 2.33746553e-03 -2.11407966e-03
    1.34077549e-01</data></camera_distortion_14>
<camera_pose_14 type_id="opencv-matrix">
  <rows>4</rows>
  <cols>4</cols>
  <dt>f</dt>
  <data>
    1.64639905e-01 -9.52310860e-01 -2.56900340e-01 -6.90182865e-01
    1.64703771e-01 2.83340871e-01 -9.44770157e-01 -4.80593872e+00
    9.72505212e-01 1.13234408e-01 2.03498393e-01 -4.04867411e+00 0. 0.
    0. 1.</data></camera_pose_14>
<camera_matrix_15 type_id="opencv-matrix">
  <rows>3</rows>
  <cols>3</cols>
  <dt>f</dt>
  <data>
    1.89940161e+03 0. 1.04411682e+03 0. 1.89777600e+03 7.68276855e+02 0.
    0. 1.</data></camera_matrix_15>
<camera_distortion_15 type_id="opencv-matrix">
  <rows>1</rows>
  <cols>5</cols>
  <dt>f</dt>
  <data>
    -9.87284537e-03 -4.77606803e-03 2.05945177e-03 -4.93794738e-04
    -1.01575874e-01</data></camera_distortion_15>
<camera_pose_15 type_id="opencv-matrix">
  <rows>4</rows>
  <cols>4</cols>
  <dt>f</dt>
  <data>
    1.47091120e-01 8.05285990e-01 5.74350655e-01 4.76758528e+00
    -6.29733741e-01 -3.71536791e-01 6.82199299e-01 2.56541681e+00
    7.62757897e-01 -4.62033421e-01 4.52465981e-01 -1.49726081e+00 0. 0.
    0. 1.</data></camera_pose_15>
<camera_matrix_16 type_id="opencv-matrix">
  <rows>3</rows>
  <cols>3</cols>
  <dt>f</dt>
  <data>
    1.88820520e+03 0. 1.03217297e+03 0. 1.88609326e+03 7.43660217e+02 0.
    0. 1.</data></camera_matrix_16>
<camera_distortion_16 type_id="opencv-matrix">
  <rows>1</rows>
  <cols>5</cols>
  <dt>f</dt>
  <data>
    1.24672307e-02 -1.42273337e-01 -5.72557270e-04 -5.93293866e-04
    1.49085373e-01</data></camera_distortion_16>
<camera_pose_16 type_id="opencv-matrix">
  <rows>4</rows>
  <cols>4</cols>
  <dt>f</dt>
  <data>
    7.75525033e-01 -1.77161060e-02 6.31068170e-01 4.81213760e+00
    -4.91796464e-01 -6.43729031e-01 5.86301267e-01 2.79830527e+00
    3.95849913e-01 -7.65048444e-01 -5.07940710e-01 -6.49932480e+00 0. 0.
    0. 1.</data></camera_pose_16>
<camera_matrix_17 type_id="opencv-matrix">
  <rows>3</rows>
  <cols>3</cols>
  <dt>f</dt>
  <data>
    1.87253394e+03 0. 1.06807751e+03 0. 1.87362671e+03 7.51288940e+02 0.
    0. 1.</data></camera_matrix_17>
<camera_distortion_17 type_id="opencv-matrix">
  <rows>1</rows>
  <cols>5</cols>
  <dt>f</dt>
  <data>
    -8.49938486e-03 3.40189692e-03 6.34409953e-04 1.64356711e-03
    -4.84028310e-02</data></camera_distortion_17>
<camera_pose_17 type_id="opencv-matrix">
  <rows>4</rows>
  <cols>4</cols>
  <dt>f</dt>
  <data>
    6.73928022e-01 2.15760529e-01 -7.06589282e-01 -3.78814435e+00
    5.98941863e-01 4.00381744e-01 6.93515062e-01 3.43970609e+00
    4.32538629e-01 -8.90585124e-01 1.40600473e-01 -3.71206546e+00 0. 0.
    0. 1.</data></camera_pose_17>
<camera_matrix_18 type_id="opencv-matrix">
  <rows>3</rows>
  <cols>3</cols>
  <dt>f</dt>
  <data>
    1.88773303e+03 0. 1.04702832e+03 0. 1.88933850e+03 7.59943909e+02 0.
    0. 1.</data></camera_matrix_18>
<camera_distortion_18 type_id="opencv-matrix">
  <rows>1</rows>
  <cols>5</cols>
  <dt>f</dt>
  <data>
    -2.66415905e-02 4.05798145e-02 1.52144628e-03 2.18083034e-03
    -1.31022274e-01</data></camera_distortion_18>
<camera_pose_18 type_id="opencv-matrix">
  <rows>4</rows>
  <cols>4</cols>
  <dt>f</dt>
  <data>
    3.06799054e-01 7.53522694e-01 5.81444681e-01 3.84117770e+00
    7.39838421e-01 -5.73127687e-01 3.52368832e-01 5.53167105e-01
    5.98759949e-01 3.22068661e-01 -7.33320057e-01 -7.66533661e+00 0. 0.
    0. 1.</data></camera_pose_18>
<camera_matrix_19 type_id="opencv-matrix">
  <rows>3</rows>
  <cols>3</cols>
  <dt>f</dt>
  <data>
    1.83660889e+03 0. 1.05582629e+03 0. 1.83720801e+03 7.57550476e+02 0.
    0. 1.</data></camera_matrix_19>
<camera_distortion_19 type_id="opencv-matrix">
  <rows>1</rows>
  <cols>5</cols>
  <dt>f</dt>
  <data>
    -2.73592840e-03 -8.58028159e-02 -1.02622947e-03 1.30599597e-04
    9.10575986e-02</data></camera_distortion_19>
<camera_pose_19 type_id="opencv-matrix">
  <rows>4</rows>
  <cols>4</cols>
  <dt>f</dt>
  <data>
    6.54308975e-01 6.93076372e-01 3.02530915e-01 1.79029453e+00
    3.49666864e-01 -6.31995857e-01 6.91602707e-01 5.88131189e+00
    6.70531809e-01 -3.46736819e-01 -6.55866385e-01 -9.06189632e+00 0. 0.
    0. 1.</data></camera_pose_19>
<camera_matrix_20 type_id="opencv-matrix">
  <rows>3</rows>
  <cols>3</cols>
  <dt>f</dt>
  <data>
    1.86149194e+03 0. 1.03039014e+03 0. 1.86203076e+03 7.56474060e+02 0.
    0. 1.</data></camera_matrix_20>
<camera_distortion_20 type_id="opencv-matrix">
  <rows>1</rows>
  <cols>5</cols>
  <dt>f</dt>
  <data>
    -1.28102368e-02 -4.32954766e-02 1.54665625e-03 -2.22286719e-04
    -1.74564719e-02</data></camera_distortion_20>
<camera_pose_20 type_id="opencv-matrix">
  <rows>4</rows>
  <cols>4</cols>
  <dt>f</dt>
  <data>
    4.22707707e-01 8.99611354e-01 -1.09624714e-01 4.91451770e-01
    8.61297905e-01 -3.61153156e-01 3.57399344e-01 1.09188449e+00
    2.81929195e-01 -2.45494992e-01 -9.27495599e-01 -1.05680304e+01 0. 0.
    0. 1.</data></camera_pose_20>
<camera_matrix_21 type_id="opencv-matrix">
  <rows>3</rows>
  <cols>3</cols>
  <dt>f</dt>
  <data>
    1.86957373e+03 0. 1.05989673e+03 0. 1.87077185e+03 7.40274475e+02 0.
    0. 1.</data></camera_matrix_21>
<camera_distortion_21 type_id="opencv-matrix">
  <rows>1</rows>
  <cols>5</cols>
  <dt>f</dt>
  <data>
    -1.63912568e-02 9.17791948e-03 -3.44027299e-03 1.92685344e-03
    -4.40423116e-02</data></camera_distortion_21>
<camera_pose_21 type_id="opencv-matrix">
  <rows>4</rows>
  <cols>4</cols>
  <dt>f</dt>
  <data>
    -5.21169066e-01 -7.79821575e-01 -3.46786886e-01 -2.16915274e+00
    -8.51194799e-01 5.04487276e-01 1.44775748e-01 1.47176039e+00
    6.20502979e-02 3.70635837e-01 -9.26703215e-01 -7.75865984e+00 0. 0.
    0. 1.</data></camera_pose_21>
<camera_matrix_22 type_id="opencv-matrix">
  <rows>3</rows>
  <cols>3</cols>
  <dt>f</dt>
  <data>
    1.88541248e+03 0. 1.03268152e+03 0. 1.88729089e+03 7.49578186e+02 0.
    0. 1.</data></camera_matrix_22>
<camera_distortion_22 type_id="opencv-matrix">
  <rows>1</rows>
  <cols>5</cols>
  <dt>f</dt>
  <data>
    3.96771822e-03 -1.35538697e-01 -2.18120613e-03 -1.67253939e-03
    1.32467881e-01</data></camera_distortion_22>
<camera_pose_22 type_id="opencv-matrix">
  <rows>4</rows>
  <cols>4</cols>
  <dt>f</dt>
  <data>
    -1.60751686e-01 -6.87020943e-02 -9.84600902e-01 -5.65985823e+00
    -6.69854462e-01 7.40246117e-01 5.77124916e-02 1.25655162e+00
    7.24882007e-01 6.68816626e-01 -1.65016219e-01 -4.07818985e+00 0. 0.
    0. 1.</data></camera_pose_22>
<camera_matrix_23 type_id="opencv-matrix">
  <rows>3</rows>
  <cols>3</cols>
  <dt>f</dt>
  <data>
    1.89045093e+03 0. 1.03308569e+03 0. 1.89225293e+03 7.79515564e+02 0.
    0. 1.</data></camera_matrix_23>
<camera_distortion_23 type_id="opencv-matrix">
  <rows>1</rows>
  <cols>5</cols>
  <dt>f</dt>
  <data>
    -2.18551140e-02 6.26383945e-02 3.04754335e-03 -3.77522316e-04
    -1.87175959e-01</data></camera_distortion_23>
<camera_pose_23 type_id="opencv-matrix">
  <rows>4</rows>
  <cols>4</cols>
  <dt>f</dt>
  <data>
    9.27267671e-01 -3.15713286e-01 -2.01245666e-01 -1.74941885e+00
    -3.29373121e-01 -4.32319164e-01 -8.39412570e-01 -4.87747049e+00
    1.78011343e-01 8.44645083e-01 -5.04863024e-01 -5.33335066e+00 0. 0.
    0. 1.</data></camera_pose_23>
<camera_matrix_24 type_id="opencv-matrix">
  <rows>3</rows>
  <cols>3</cols>
  <dt>f</dt>
  <data>
    1.83678394e+03 0. 1.04816406e+03 0. 1.83459546e+03 7.95781494e+02 0.
    0. 1.</data></camera_matrix_24>
<camera_distortion_24 type_id="opencv-matrix">
  <rows>1</rows>
  <cols>5</cols>
  <dt>f</dt>
  <data>
    -2.98615079e-03 -9.52335447e-02 3.65251978e-03 2.64530536e-03
    1.12079196e-01</data></camera_distortion_24>
<camera_pose_24 type_id="opencv-matrix">
  <rows>4</rows>
  <cols>4</cols>
  <dt>f</dt>
  <data>
    -4.15556341e-01 1.28611043e-01 9.00428832e-01 4.83701706e+00
    -7.09005833e-01 5.74308991e-01 -4.09243166e-01 -1.29475939e+00
    -5.69757581e-01 -8.08472872e-01 -1.47471771e-01 -7.94419909e+00 0.
    0. 0. 1.</data></camera_pose_24>
<camera_matrix_25 type_id="opencv-matrix">
  <rows>3</rows>
  <cols>3</cols>
  <dt>f</dt>
  <data>
    1.86094006e+03 0. 1.04021252e+03 0. 1.86131982e+03 7.39155518e+02 0.
    0. 1.</data></camera_matrix_25>
<camera_distortion_25 type_id="opencv-matrix">
  <rows>1</rows>
  <cols>5</cols>
  <dt>f</dt>
  <data>
    -5.06456895e-03 -8.29906091e-02 1.85147757e-04 7.24654063e-04
    7.03299642e-02</data></camera_distortion_25>
<camera_pose_25 type_id="opencv-matrix">
  <rows>4</rows>
  <cols>4</cols>
  <dt>f</dt>
  <data>
    -7.47292519e-01 -1.11157328e-01 6.55131996e-01 1.01543522e+00
    -3.56465936e-01 8.99102807e-01 -2.54059434e-01 8.55825365e-01
    -5.60790420e-01 -4.23388958e-01 -7.11516619e-01 -7.16208458e+00 0.
    0. 0. 1.</data></camera_pose_25>
<camera_matrix_26 type_id="opencv-matrix">
  <rows>3</rows>
  <cols>3</cols>
  <dt>f</dt>
  <data>
    1.84449622e+03 0. 1.00986108e+03 0. 1.84446179e+03 7.79076294e+02 0.
    0. 1.</data></camera_matrix_26>
<camera_distortion_26 type_id="opencv-matrix">
  <rows>1</rows>
  <cols>5</cols>
  <dt>f</dt>
  <data>
    2.40142597e-03 -1.12867698e-01 3.66085093e-03 -4.24460042e-03
    1.34798467e-01</data></camera_distortion_26>
<camera_pose_26 type_id="opencv-matrix">
  <rows>4</rows>
  <cols>4</cols>
  <dt>f</dt>
  <data>
    -4.87388909e-01 -5.70931554e-01 6.60673320e-01 2.02361917e+00
    -8.53577793e-01 4.70963627e-01 -2.22706661e-01 -2.51838803e-01
    -1.84002846e-01 -6.72480822e-01 -7.16876924e-01 -9.57598114e+00 0.
    0. 0. 1.</data></camera_pose_26>
<camera_matrix_27 type_id="opencv-matrix">
  <rows>3</rows>
  <cols>3</cols>
  <dt>f</dt>
  <data>
    1.87030481e+03 0. 1.04706335e+03 0. 1.86961414e+03 7.54476196e+02 0.
    0. 1.</data></camera_matrix_27>
<camera_distortion_27 type_id="opencv-matrix">
  <rows>1</rows>
  <cols>5</cols>
  <dt>f</dt>
  <data>
    3.32812057e-03 -8.21035802e-02 -2.09482387e-03 -2.48315773e-04
    7.00410530e-02</data></camera_distortion_27>
<camera_pose_27 type_id="opencv-matrix">
  <rows>4</rows>
  <cols>4</cols>
  <dt>f</dt>
  <data>
    5.92594385e-01 1.24526463e-01 -7.95817196e-01 -3.59088397e+00
    8.05500925e-01 -9.20246914e-02 5.85405588e-01 3.87332964e+00
    -3.36346769e-04 -9.87939596e-01 -1.54839501e-01 -5.19480085e+00 0.
    0. 0. 1.</data></camera_pose_27>
<camera_matrix_28 type_id="opencv-matrix">
  <rows>3</rows>
  <cols>3</cols>
  <dt>f</dt>
  <data>
    1.85739966e+03 0. 1.02244678e+03 0. 1.85793140e+03 7.42608093e+02 0.
    0. 1.</data></camera_matrix_28>
<camera_distortion_28 type_id="opencv-matrix">
  <rows>1</rows>
  <cols>5</cols>
  <dt>f</dt>
  <data>
    1.82629982e-03 -8.52654949e-02 -3.79414554e-03 -1.54835393e-03
    1.15100659e-01</data></camera_distortion_28>
<camera_pose_28 type_id="opencv-matrix">
  <rows>4</rows>
  <cols>4</cols>
  <dt>f</dt>
  <data>
    2.26788029e-01 -8.05879235e-01 -5.46923995e-01 -4.48235321e+00
    6.05798781e-01 -3.22983980e-01 7.27110147e-01 4.25441551e+00
    -7.62610674e-01 -4.96225774e-01 4.14951742e-01 -3.22536993e+00 0. 0.
    0. 1.</data></camera_pose_28>
<camera_matrix_29 type_id="opencv-matrix">
  <rows>3</rows>
  <cols>3</cols>
  <dt>f</dt>
  <data>
    1.89358423e+03 0. 1.03857568e+03 0. 1.89572949e+03 7.43373413e+02 0.
    0. 1.</data></camera_matrix_29>
<camera_distortion_29 type_id="opencv-matrix">
  <rows>1</rows>
  <cols>5</cols>
  <dt>f</dt>
  <data>
    -2.44568232e-02 1.51450848e-02 -8.08799348e-04 3.13557009e-03
    -6.63553104e-02</data></camera_distortion_29>
<camera_pose_29 type_id="opencv-matrix">
  <rows>4</rows>
  <cols>4</cols>
  <dt>f</dt>
  <data>
    -8.86978209e-01 -5.30393682e-02 -4.58755344e-01 -3.55190277e+00
    4.27378178e-01 -4.70663756e-01 -7.71896064e-01 -3.85267425e+00
    -1.74978644e-01 -8.80716980e-01 4.40136373e-01 -2.09992242e+00 0. 0.
    0. 1.</data></camera_pose_29>
<camera_matrix_30 type_id="opencv-matrix">
  <rows>3</rows>
  <cols>3</cols>
  <dt>f</dt>
  <data>
    1.86546631e+03 0. 1.03369922e+03 0. 1.86737939e+03 7.73621765e+02 0.
    0. 1.</data></camera_matrix_30>
<camera_distortion_30 type_id="opencv-matrix">
  <rows>1</rows>
  <cols>5</cols>
  <dt>f</dt>
  <data>
    -2.92852637e-03 -5.38876690e-02 7.51601241e-04 -4.28997824e-04
    3.73732597e-02</data></camera_distortion_30>
<camera_pose_30 type_id="opencv-matrix">
  <rows>4</rows>
  <cols>4</cols>
  <dt>f</dt>
  <data>
    5.51798046e-01 -8.34815577e-02 -8.29788983e-01 -3.80124450e+00
    -1.05647996e-01 -9.93958652e-01 2.97435373e-02 -1.28224862e+00
    -8.27259004e-01 7.12531209e-02 -5.57284117e-01 -5.75445843e+00 0. 0.
    0. 1.</data></camera_pose_30>
<camera_matrix_31 type_id="opencv-matrix">
  <rows>3</rows>
  <cols>3</cols>
  <dt>f</dt>
  <data>
    1.83610120e+03 0. 1.06144556e+03 0. 1.83721277e+03 7.50395447e+02 0.
    0. 1.</data></camera_matrix_31>
<camera_distortion_31 type_id="opencv-matrix">
  <rows>1</rows>
  <cols>5</cols>
  <dt>f</dt>
  <data>
    3.40303266e-03 -1.30711302e-01 -2.18833028e-03 1.25312526e-03
    1.74736902e-01</data></camera_distortion_31>
<camera_pose_31 type_id="opencv-matrix">
  <rows>4</rows>
  <cols>4</cols>
  <dt>f</dt>
  <data>
    1.73313424e-01 -2.20572606e-01 -9.59849060e-01 -4.36889267e+00
    3.37410897e-01 -9.02320147e-01 2.68276483e-01 2.52025843e-01
    -9.25265551e-01 -3.70359451e-01 -8.19605887e-02 -5.47329426e+00 0.
    0. 0. 1.</data></camera_pose_31>
<camera_matrix_32 type_id="opencv-matrix">
  <rows>3</rows>
  <cols>3</cols>
  <dt>f</dt>
  <data>
    1.84555408e+03 0. 1.02407507e+03 0. 1.84531519e+03 7.67709717e+02 0.
    0. 1.</data></camera_matrix_32>
<camera_distortion_32 type_id="opencv-matrix">
  <rows>1</rows>
  <cols>5</cols>
  <dt>f</dt>
  <data>
    1.14131588e-02 -1.36854038e-01 1.18373055e-03 -5.32332400e-04
    1.78209871e-01</data></camera_distortion_32>
<camera_pose_32 type_id="opencv-matrix">
  <rows>4</rows>
  <cols>4</cols>
  <dt>f</dt>
  <data>
    -8.79637152e-02 2.16125041e-01 -9.72395182e-01 -3.57690907e+00
    -9.17033106e-02 -9.73790705e-01 -2.08139658e-01 -1.96301889e+00
    -9.91893589e-01 7.08631128e-02 1.05477631e-01 -3.90287375e+00 0. 0.
    0. 1.</data></camera_pose_32>
<camera_matrix_33 type_id="opencv-matrix">
  <rows>3</rows>
  <cols>3</cols>
  <dt>f</dt>
  <data>
    1.86358545e+03 0. 1.05016699e+03 0. 1.86359509e+03 7.73601501e+02 0.
    0. 1.</data></camera_matrix_33>
<camera_distortion_33 type_id="opencv-matrix">
  <rows>1</rows>
  <cols>5</cols>
  <dt>f</dt>
  <data>
    8.28578975e-03 -7.67162070e-02 -2.83629139e-04 1.82046054e-03
    4.20499928e-02</data></camera_distortion_33>
<camera_pose_33 type_id="opencv-matrix">
  <rows>4</rows>
  <cols>4</cols>
  <dt>f</dt>
  <data>
    -2.55915463e-01 6.96241632e-02 9.64188635e-01 5.94968224e+00
    5.89919329e-01 8.01406324e-01 9.87070501e-02 1.03451133e+00
    -7.65834510e-01 5.94054163e-01 -2.46164903e-01 -4.66042233e+00 0. 0.
    0. 1.</data></camera_pose_33>
<camera_matrix_34 type_id="opencv-matrix">
  <rows>3</rows>
  <cols>3</cols>
  <dt>f</dt>
  <data>
    1.87003503e+03 0. 1.02917712e+03 0. 1.87094446e+03 7.36512268e+02 0.
    0. 1.</data></camera_matrix_34>
<camera_distortion_34 type_id="opencv-matrix">
  <rows>1</rows>
  <cols>5</cols>
  <dt>f</dt>
  <data>
    3.46193765e-03 -1.63724720e-01 1.40400967e-04 7.44432677e-04
    2.34296992e-01</data></camera_distortion_34>
<camera_pose_34 type_id="opencv-matrix">
  <rows>4</rows>
  <cols>4</cols>
  <dt>f</dt>
  <data>
    -8.26987922e-01 5.18153727e-01 2.18191698e-01 1.78204405e+00
    4.84350473e-01 8.53664577e-01 -1.91471592e-01 7.95553178e-02
    -2.85474241e-01 -5.26634417e-02 -9.56938326e-01 -8.56810474e+00 0.
    0. 0. 1.</data></camera_pose_34>
<camera_matrix_35 type_id="opencv-matrix">
  <rows>3</rows>
  <cols>3</cols>
  <dt>f</dt>
  <data>
    1.87440540e+03 0. 1.02546924e+03 0. 1.87539233e+03 7.69944031e+02 0.
    0. 1.</data></camera_matrix_35>
<camera_distortion_35 type_id="opencv-matrix">
  <rows>1</rows>
  <cols>5</cols>
  <dt>f</dt>
  <data>
    -1.01814121e-02 -1.01172840e-02 -1.07300468e-03 -1.12568878e-03
    -9.78270452e-03</data></camera_distortion_35>
<camera_pose_35 type_id="opencv-matrix">
  <rows>4</rows>
  <cols>4</cols>
  <dt>f</dt>
  <data>
    -6.22184813e-01 -7.36502945e-01 -2.65423238e-01 -1.18355167e+00
    -7.00915098e-01 3.73038679e-01 6.07914567e-01 2.61626554e+00
    -3.48717749e-01 5.64274371e-01 -7.48325050e-01 -7.08769512e+00 0. 0.
    0. 1.</data></camera_pose_35>
<meanReprojectError>8.1410064697265625e+00</meanReprojectError>
<pose_timestamp_13 type_id="opencv-matrix">
  <rows>4</rows>
  <cols>4</cols>
  <dt>f</dt>
  <data>
    -9.80378687e-01 1.97024509e-01 -6.24696026e-03 5.77377625e+01
    -1.83068559e-01 -8.98268223e-01 3.99499863e-01 5.70175056e+01
    7.30998218e-02 3.92804772e-01 9.16711986e-01 6.76771851e+01 0. 0. 0.
    1.</data></pose_timestamp_13>
<pose_timestamp_157 type_id="opencv-matrix">
  <rows>4</rows>
  <cols>4</cols>
  <dt>f</dt>
  <data>
    -9.26835358e-01 2.26159692e-01 -2.99713284e-01 2.16072044e+01
    -3.42703730e-01 -8.35672557e-01 4.29191738e-01 8.47262115e+01
    -1.53396294e-01 5.00502944e-01 8.52036595e-01 7.41000214e+01 0. 0.
    0. 1.</data></pose_timestamp_157>
<pose_timestamp_196 type_id="opencv-matrix">
  <rows>4</rows>
  <cols>4</cols>
  <dt>f</dt>
  <data>
    -9.69404697e-01 2.42150530e-01 -4.02195305e-02 4.69728203e+01
    -2.30303541e-01 -8.40528905e-01 4.90378857e-01 8.34433136e+01
    8.49398226e-02 4.84638274e-01 8.70580792e-01 5.87227707e+01 0. 0. 0.
    1.</data></pose_timestamp_196>
<pose_timestamp_22 type_id="opencv-matrix">
  <rows>4</rows>
  <cols>4</cols>
  <dt>f</dt>
  <data>
    -8.12350094e-01 -1.50459588e-01 5.63426375e-01 1.14818710e+02
    9.25576463e-02 -9.87162590e-01 -1.30165845e-01 3.02796726e+01
    5.75778127e-01 -5.35908118e-02 8.15847754e-01 7.85501251e+01 0. 0.
    0. 1.</data></pose_timestamp_22>
<pose_timestamp_23 type_id="opencv-matrix">
  <rows>4</rows>
  <cols>4</cols>
  <dt>f</dt>
  <data>
    -6.48297429e-01 5.83777905e-01 -4.88788098e-01 -4.12823257e+01
    -5.32834530e-01 -8.06430340e-01 -2.56432086e-01 2.99235668e+01
    -5.43872952e-01 9.41989124e-02 8.33863795e-01 1.53053787e+02 0. 0.
    0. 1.</data></pose_timestamp_23>
<pose_timestamp_247 type_id="opencv-matrix">
  <rows>4</rows>
  <cols>4</cols>
  <dt>f</dt>
  <data>
    1.74262449e-02 -8.85702908e-01 4.63925332e-01 1.06030678e+02
    9.92989659e-01 -3.89227867e-02 -1.11608699e-01 -1.00452400e+02
    1.16909415e-01 4.62617993e-01 8.78815532e-01 1.05434471e+02 0. 0. 0.
    1.</data></pose_timestamp_247>
<pose_timestamp_25 type_id="opencv-matrix">
  <rows>4</rows>
  <cols>4</cols>
  <dt>f</dt>
  <data>
    -9.53144968e-01 -8.84873867e-02 2.89282948e-01 6.57130432e+01
    1.77248940e-01 -9.38281476e-01 2.97002852e-01 2.83393288e+01
    2.45147839e-01 3.34361881e-01 9.10002589e-01 5.07187347e+01 0. 0. 0.
    1.</data></pose_timestamp_25>
<pose_timestamp_251 type_id="opencv-matrix">
  <rows>4</rows>
  <cols>4</cols>
  <dt>f</dt>
  <data>
    1.31505728e-01 -8.85768175e-01 4.45107788e-01 9.66872559e+01
    9.37184453e-01 -3.52560207e-02 -3.47048044e-01 -9.31838837e+01
    3.23096842e-01 4.62786883e-01 8.25491786e-01 8.25720749e+01 0. 0. 0.
    1.</data></pose_timestamp_251>
<pose_timestamp_26 type_id="opencv-matrix">
  <rows>4</rows>
  <cols>4</cols>
  <dt>f</dt>
  <data>
    4.61354479e-02 -9.14875746e-01 4.01090920e-01 5.74568558e+01
    9.90308642e-01 -1.07655916e-02 -1.38466150e-01 -7.23398819e+01
    1.30997300e-01 4.03591990e-01 9.05512691e-01 5.55910149e+01 0. 0. 0.
    1.</data></pose_timestamp_26>
<pose_timestamp_265 type_id="opencv-matrix">
  <rows>4</rows>
  <cols>4</cols>
  <dt>f</dt>
  <data>
    -2.15107739e-01 -7.55432129e-01 6.18911147e-01 1.21973106e+02
    9.39633369e-01 1.25952922e-02 3.41951042e-01 -4.99250679e+01
    -2.66116142e-01 6.55105829e-01 7.07119882e-01 1.24704308e+02 0. 0.
    0. 1.</data></pose_timestamp_265>
<pose_timestamp_361 type_id="opencv-matrix">
  <rows>4</rows>
  <cols>4</cols>
  <dt>f</dt>
  <data>
    8.95234644e-01 -1.61321148e-01 4.15367842e-01 2.55573997e+01
    -1.50066649e-03 9.31067586e-01 3.64843696e-01 -3.60157700e+01
    -4.45592523e-01 -3.27244043e-01 8.33281875e-01 1.57639618e+02 0. 0.
    0. 1.</data></pose_timestamp_361>
<pose_timestamp_364 type_id="opencv-matrix">
  <rows>4</rows>
  <cols>4</cols>
  <dt>f</dt>
  <data>
    8.97414207e-01 -2.97934383e-01 -3.25396448e-01 -6.11740952e+01
    3.78060490e-01 8.99484277e-01 2.19085231e-01 -7.24186020e+01
    2.27415964e-01 -3.19629729e-01 9.19847190e-01 1.34440155e+02 0. 0.
    0. 1.</data></pose_timestamp_364>
<pose_timestamp_372 type_id="opencv-matrix">
  <rows>4</rows>
  <cols>4</cols>
  <dt>f</dt>
  <data>
    9.71209586e-01 -2.38195017e-01 3.88053525e-03 -2.64326801e+01
    2.24264890e-01 9.19663191e-01 3.22373778e-01 -5.25589485e+01
    -8.03566128e-02 -3.12222242e-01 9.46604490e-01 1.52927582e+02 0. 0.
    0. 1.</data></pose_timestamp_372>
<pose_timestamp_12 type_id="opencv-matrix">
  <rows>4</rows>
  <cols>4</cols>
  <dt>f</dt>
  <data>
    -5.99434078e-02 -5.06707549e-01 -8.60031545e-01 -5.62548409e+01
    8.09342861e-01 -5.28973758e-01 2.55246758e-01 5.76961670e+01
    -5.84269583e-01 -6.80760026e-01 4.41808641e-01 1.63370392e+02 0. 0.
    0. 1.</data></pose_timestamp_12>
<pose_timestamp_168 type_id="opencv-matrix">
  <rows>4</rows>
  <cols>4</cols>
  <dt>f</dt>
  <data>
    -2.56827831e-01 -9.28693891e-01 -2.67520398e-01 3.74249725e+01
    9.34340775e-01 -3.09357107e-01 1.76933467e-01 -2.41232681e+01
    -2.47076362e-01 -2.04513788e-01 9.47168112e-01 7.21386261e+01 0. 0.
    0. 1.</data></pose_timestamp_168>
<pose_timestamp_185 type_id="opencv-matrix">
  <rows>4</rows>
  <cols>4</cols>
  <dt>f</dt>
  <data>
    8.59507442e-01 -2.09926471e-01 -4.66023475e-01 -8.23170853e+01
    4.00758862e-01 8.42689753e-01 3.59536290e-01 -7.63654709e+00
    3.17236990e-01 -4.95787144e-01 8.08427989e-01 4.44928780e+01 0. 0.
    0. 1.</data></pose_timestamp_185>
<pose_timestamp_197 type_id="opencv-matrix">
  <rows>4</rows>
  <cols>4</cols>
  <dt>f</dt>
  <data>
    -6.11169934e-01 1.94813579e-01 -7.67149925e-01 -4.01466675e+01
    -5.10066271e-01 -8.38079870e-01 1.93531692e-01 7.12915039e+01
    -6.05230331e-01 5.09578049e-01 6.11577034e-01 7.98529663e+01 0. 0.
    0. 1.</data></pose_timestamp_197>
<pose_timestamp_2 type_id="opencv-matrix">
  <rows>4</rows>
  <cols>4</cols>
  <dt>f</dt>
  <data>
    -5.79603612e-01 8.14813912e-01 1.17422203e-02 -2.84211254e+00
    -6.72878623e-01 -4.86669093e-01 5.57124376e-01 1.22690323e+02
    4.59667265e-01 3.15010190e-01 8.30346048e-01 6.10072670e+01 0. 0. 0.
    1.</data></pose_timestamp_2>
<pose_timestamp_200 type_id="opencv-matrix">
  <rows>4</rows>
  <cols>4</cols>
  <dt>f</dt>
  <data>
    -8.12660813e-01 2.09383994e-01 -5.43820500e-01 -7.44384003e+00
    -4.34844911e-01 -8.39144051e-01 3.26721936e-01 8.14975357e+01
    -3.87933373e-01 5.01991689e-01 7.72989035e-01 8.27157898e+01 0. 0.
    0. 1.</data></pose_timestamp_200>
<pose_timestamp_206 type_id="opencv-matrix">
  <rows>4</rows>
  <cols>4</cols>
  <dt>f</dt>
  <data>
    -3.25940400e-01 -8.03891897e-01 -4.97514486e-01 2.51856976e+01
    9.14100826e-01 -4.02253479e-01 5.11059016e-02 -2.58207340e+01
    -2.41210550e-01 -4.38120931e-01 8.65948915e-01 7.50363007e+01 0. 0.
    0. 1.</data></pose_timestamp_206>
<pose_timestamp_256 type_id="opencv-matrix">
  <rows>4</rows>
  <cols>4</cols>
  <dt>f</dt>
  <data>
    -2.30574831e-01 -5.01587033e-01 -8.33813965e-01 1.36158924e+01
    8.42877030e-01 -5.31121492e-01 8.64190608e-02 2.66178989e+01
    -4.86203194e-01 -6.82876587e-01 5.45239449e-01 1.29704193e+02 0. 0.
    0. 1.</data></pose_timestamp_256>
<pose_timestamp_27 type_id="opencv-matrix">
  <rows>4</rows>
  <cols>4</cols>
  <dt>f</dt>
  <data>
    -9.72985685e-01 2.19816908e-01 7.05644712e-02 4.55826836e+01
    -1.31061539e-01 -7.77551055e-01 6.15009964e-01 1.32653961e+02
    1.90057069e-01 5.89147627e-01 7.85355568e-01 6.17041969e+01 0. 0. 0.
    1.</data></pose_timestamp_27>
<pose_timestamp_274 type_id="opencv-matrix">
  <rows>4</rows>
  <cols>4</cols>
  <dt>f</dt>
  <data>
    -2.39183828e-01 -9.55022275e-01 -1.75281182e-01 -1.00316782e+01
    8.61785173e-01 -2.91968375e-01 4.14826185e-01 4.17648582e+01
    -4.47344810e-01 -5.18350154e-02 8.92858207e-01 1.67108612e+02 0. 0.
    0. 1.</data></pose_timestamp_274>
<pose_timestamp_277 type_id="opencv-matrix">
  <rows>4</rows>
  <cols>4</cols>
  <dt>f</dt>
  <data>
    -9.70371842e-01 2.31169865e-01 -7.02782199e-02 2.90377636e+01
    -2.31392518e-01 -8.05413783e-01 5.45679510e-01 1.39201813e+02
    6.95416182e-02 5.45773864e-01 8.35041821e-01 8.07071915e+01 0. 0. 0.
    1.</data></pose_timestamp_277>
<pose_timestamp_289 type_id="opencv-matrix">
  <rows>4</rows>
  <cols>4</cols>
  <dt>f</dt>
  <data>
    -2.31509581e-01 -9.71714914e-01 -4.66205999e-02 4.72015686e+01
    8.09672058e-01 -2.19026014e-01 5.44480205e-01 7.60930176e+01
    -5.39290667e-01 8.83049965e-02 8.37477028e-01 2.01832413e+02 0. 0.
    0. 1.</data></pose_timestamp_289>
<pose_timestamp_29 type_id="opencv-matrix">
  <rows>4</rows>
  <cols>4</cols>
  <dt>f</dt>
  <data>
    -6.59940779e-01 1.56864569e-01 -7.34759629e-01 -5.05324936e+01
    -4.72541779e-01 -8.46972167e-01 2.43602991e-01 9.63483734e+01
    -5.84108293e-01 5.07968128e-01 6.33076549e-01 9.13968658e+01 0. 0.
    0. 1.</data></pose_timestamp_29>
<pose_timestamp_290 type_id="opencv-matrix">
  <rows>4</rows>
  <cols>4</cols>
  <dt>f</dt>
  <data>
    -1.99504986e-01 -8.31376970e-01 -5.18661797e-01 -5.91040916e+01
    8.15203190e-01 -4.34519202e-01 3.82931948e-01 5.04130554e+01
    -5.43729305e-01 -3.46417904e-01 7.64429927e-01 2.06060196e+02 0. 0.
    0. 1.</data></pose_timestamp_290>
<pose_timestamp_292 type_id="opencv-matrix">
  <rows>4</rows>
  <cols>4</cols>
  <dt>f</dt>
  <data>
    -8.30889344e-01 2.00720608e-01 -5.18974125e-01 -4.12603798e+01
    -4.35792863e-01 -8.14664304e-01 3.82631242e-01 1.26781479e+02
    -3.45987707e-01 5.44089437e-01 7.64368474e-01 9.10578461e+01 0. 0.
    0. 1.</data></pose_timestamp_292>
<pose_timestamp_299 type_id="opencv-matrix">
  <rows>4</rows>
  <cols>4</cols>
  <dt>f</dt>
  <data>
    7.28626609e-01 -2.09683076e-01 -6.52024806e-01 -5.89813080e+01
    4.75838244e-01 8.39695275e-01 2.61705548e-01 4.62074013e+01
    4.92626935e-01 -5.00943899e-01 7.11599529e-01 1.30762192e+02 0. 0.
    0. 1.</data></pose_timestamp_299>
<pose_timestamp_309 type_id="opencv-matrix">
  <rows>4</rows>
  <cols>4</cols>
  <dt>f</dt>
  <data>
    8.88365030e-01 -2.17565030e-01 4.04318005e-01 -5.05336571e+01
    -1.64822768e-02 8.64923358e-01 5.01633227e-01 6.57655334e+01
    -4.58841950e-01 -4.52297509e-01 7.64781713e-01 1.61903107e+02 0. 0.
    0. 1.</data></pose_timestamp_309>
<pose_timestamp_317 type_id="opencv-matrix">
  <rows>4</rows>
  <cols>4</cols>
  <dt>f</dt>
  <data>
    9.72172141e-01 -2.33853862e-01 1.39188953e-02 -1.13844101e+02
    2.00471669e-01 8.61196101e-01 4.67067897e-01 3.40682144e+01
    -1.21212535e-01 -4.51280057e-01 8.84111881e-01 1.37167343e+02 0. 0.
    0. 1.</data></pose_timestamp_317>
<pose_timestamp_320 type_id="opencv-matrix">
  <rows>4</rows>
  <cols>4</cols>
  <dt>f</dt>
  <data>
    4.50480044e-01 -2.12612137e-01 -8.67100835e-01 -1.03260773e+02
    5.34269452e-01 8.42324793e-01 7.10289553e-02 2.09392872e+01
    7.15278864e-01 -4.95262623e-01 4.93042648e-01 1.08769676e+02 0. 0.
    0. 1.</data></pose_timestamp_320>
<pose_timestamp_329 type_id="opencv-matrix">
  <rows>4</rows>
  <cols>4</cols>
  <dt>f</dt>
  <data>
    9.58215535e-01 -2.47632712e-01 1.43181860e-01 -1.25360626e+02
    1.25240251e-01 8.13221037e-01 5.68318963e-01 3.48681717e+01
    -2.57172883e-01 -5.26639938e-01 8.10254574e-01 1.45039764e+02 0. 0.
    0. 1.</data></pose_timestamp_329>
<pose_timestamp_346 type_id="opencv-matrix">
  <rows>4</rows>
  <cols>4</cols>
  <dt>f</dt>
  <data>
    -2.01949880e-01 6.08880937e-01 -7.67124653e-01 -1.09498817e+02
    -6.37112260e-01 5.13210356e-01 5.75067878e-01 4.80728455e+01
    7.43844211e-01 6.04879379e-01 2.84282744e-01 -2.67192662e-01 0. 0.
    0. 1.</data></pose_timestamp_346>
<pose_timestamp_356 type_id="opencv-matrix">
  <rows>4</rows>
  <cols>4</cols>
  <dt>f</dt>
  <data>
    -2.82831062e-02 8.83487344e-01 -4.67600495e-01 -8.73850861e+01
    -5.26312292e-01 3.84532839e-01 7.58373141e-01 7.32588730e+01
    8.49820793e-01 2.67553031e-01 4.54114467e-01 3.19685116e+01 0. 0. 0.
    1.</data></pose_timestamp_356>
<pose_timestamp_37 type_id="opencv-matrix">
  <rows>4</rows>
  <cols>4</cols>
  <dt>f</dt>
  <data>
    2.23419040e-01 9.74388957e-01 2.54961457e-02 -6.98733902e+01
    -6.29273891e-01 1.24212503e-01 7.67193377e-01 1.50922241e+02
    7.44377792e-01 -1.87449664e-01 6.40908957e-01 4.70349426e+01 0. 0.
    0. 1.</data></pose_timestamp_37>
<pose_timestamp_533 type_id="opencv-matrix">
  <rows>4</rows>
  <cols>4</cols>
  <dt>f</dt>
  <data>
    -2.10784152e-01 -9.63468671e-01 -1.65221512e-01 2.30920906e+01
    8.05525780e-01 -2.66950160e-01 5.29023468e-01 1.35523272e+01
    -5.53803444e-01 -2.15804223e-02 8.32367718e-01 8.94419022e+01 0. 0.
    0. 1.</data></pose_timestamp_533>
